387c705e-ee8d-44a0-915a-f34e326c9b50 46.8314301258 -122.407445723 1433792320.74
82b54437-2ce4-4542-bd5c-a0b24ddf0dd3 47.331960714 -120.589576045 1433792320.74
9d2ddb20-818e-4f8d-bac2-98a926d954fc 45.3483448293 -118.989201387 1433792320.74
4957e53b-e962-499d-9f62-6fb349686d3f 45.5098787426 -122.507772739 1433792320.74
db5acac5-a432-4fd5-9e5b-c87b38a978e8 38.0366273572 -120.434208419 1433792320.74
91b46732-88de-4fb9-a36d-8b2f8c4d64a6 48.3038708548 -122.876263544 1433792320.74
18bad146-0097-48bb-917f-e05daa9a6d61 43.8452186229 -117.488843301 1433792320.74
fa45fe3d-cba6-4433-801b-cdf6e16e1e25 41.0640693132 -124.048684384 1433792320.74
f4ff80bb-0810-468f-829d-f2b090ffbe1a 49.9143922854 -124.446212696 1433792320.74
5bd38aa0-56f2-4955-a887-770b47fd9399 34.0980441736 -122.176760614 1433792320.74
2daf0826-821c-413e-9872-5e33f306ae8a 33.1096513753 -116.183964145 1433792320.74
4e410014-7292-41ff-ba54-55ec54feb490 49.4712675843 -126.836084761 1433792320.74
ee0fdf1c-b0fd-484c-8da8-00aa9659c5fb 40.405259399 -125.376354113 1433792320.74
ccd282e9-c95b-4b97-8ad2-8daa41d0bfd8 34.1660422026 -124.920910795 1433792320.74
24dc45d0-7b7e-4e72-b84b-df837ab52f78 36.6419897631 -125.693709689 1433792320.74
67129dd7-5fe0-4227-b458-fb505c454bae 46.2206384925 -118.630405076 1433792320.74
8a9dc6d0-5c05-4c74-8cc5-2c00aafa9d6b 43.5051171066 -121.992017088 1433792320.74
85c2051a-1ba6-4b27-a8e3-6c21d383d076 36.2762100116 -117.902689811 1433792320.74
eb829475-7a34-4f8e-b931-9dba43e96ea3 35.493777393 -126.83888815 1433792320.74
ef2f62b5-5b8c-491b-bbe8-b5e6115c223e 43.6232520765 -124.255883729 1433792320.74
